Treasure Room
65
136
286
186
42
78
287
58
288
294
160
158
283
285
386
166
284
437
406
175
124
85
47
291
127
382
352
422
282
323
40
421
56
295
351
427
102
39
41
123
86
37
77
147
146
137
292
325
49
171
192
44
419
111
97
105
93
66
107
36
324
298
45
245
191
359
15
320
74
188
214
161
222
308
300
272
231
274
391
279
180
7
157
273
140
125
334
131
353
19
8
129
144
385
377
209
319
301
307
162
62
154
69
103
369
224
4
48
371
316
170
278
117
373
336
237
113
57
52
265
236
381
168
368
310
410
240
401
404
361
257
128
364
418
405
318
163
225
432
210
398
206
101
10
167
269
374
313
178
375
256
242
234
148
2
149
201
276
311
266
388
440
332
270
302
304
384
435
275
277
96
88
99
100
87
213
365
46
329
411
312
12
53
394
202
436
333
71
173
110
200
55
114
228
217
109
322
229
106
151
431
153
5
317
271
378
6
426
121
120
115
430
104
155
75
227
309
169
261
281
379
407
223
190
174
98
267
95
14
72
268
221
389
1
94
172
220
306
321
142
366
305
390
393
280
67
264
335
330
143
91
89
211
3
176
367
138
315
92
299
395
244
152
68
314
233
150
350
397
303
13
76
108
358
392
Shop
286
357
296
85
347
422
434
295
102
439
297
348
177
289
137
383
33
338
164
290
396
349
116
247
250
260
246
337
356
208
402
372
416
204
156
248
203
252
195
199
139
414
425
75
380
227
376
424
205
403
251
64
232
63
21
60
249
54
Library
65
78
287
58
282
292
192
33
34
97
35
Curse Room
145
133
408
260
216
241
371
81
225
215
212
134
51
79
80
Boss
15
346
438
254
342
198
25
340
165
354
24
23
240
70
197
343
100
22
193
194
12
253
344
195
30
31
355
29
370
219
428
141
51
218
14
26
339
255
143
196
176
92
345
28
101
183
341
32
27
Secret Room
286
287
127
35
84
11
74
226
131
316
405
242
388
213
258
262
106
271
121
120
190
16
389
94
321
17
20
Devil Room
145
133
441
126
34
97
35
84
292
83
408
391
420
8
412
216
241
278
259
81
113
409
163
225
215
212
187
134
269
262
431
433
51
268
172
67
417
79
122
230
118
237
360
311
275
82
399
114
159
80
Angel Room
326
124
146
33
162
387
423
415
185
331
112
156
184
374
313
178
413
332
173
72
182
142
390
400
363
334
101
333
98
335
108
243
Golden Chest
42
145
38
188
273
4
361
179
215
429
242
50
Red Chest
145
133
297
140
371
316
81
212
134
Beggar
294
102
177
111
246
198
25
144
385
24
23
204
46
22
195
271
376
26
180
21
54
Devil Beggar
102
340
216
241
113
240
225
70
262
195
14
143
417
345
13
Key Master
175
320
272
57
128
364
10
388
365
199
264
Bomb Bum
37
140
125
250
131
353
19
209
256
190
220
366
367