Character
1
2

2
3

3
4

32
5

42
6

67
7

79
8

80
9

81
10

82
11

199
12

251
13

340
14

390
15
Boss
5
55

5
56

5
57

5
58

16
6

17
21

18
38

66
59

68
53

155
89

155
90

142
88

34
63
Trinket
52
35

55
49

85
15

60
50

61
42

64
52

70
54

71
55

72
56

73
57

74
58

75
59

76
60

77
61

101
1

127
22

111
17

117
28

118
13

123
21

399
128

389
127

388
126

381
125

375
124

370
123

358
120

359
121

360
122

336
92

310
113

311
114

312
115

313
116

314
117

304
118

300
91

301
119

302
107

287
111

284
110

249
83

239
85

229
76

230
74

204
84

197
80

196
67

185
81

149
23
Card
89
32

90
33

91
34

92
35

93
36

94
37

95
38

96
39

97
42

98
43

99
44

100
45

361
52

309
41

293
51

362
53

363
54

322
27

326
28

327
29

329
30

233
40

225
47

120
46
Item
29
105

121
286

248
126

276
441

6
73

6
207

236
349

136
260

138
232

7
78

8
20

9
83

10
74

11
52

12
90

13
86

14
88

15
87

19
92

20
98

21
94

22
97

23
99

24
100

25
96

26
93

27
101

28
106

30
325

31
104

35
110

36
35

43
114

44
126

45
112

46
131

47
113

48
127

49
166

50
162

51
188

53
172

54
157

56
186

57
327

58
175

59
164

62
168

63
189

65
187

78
328

102
267

103
237

104
244

105
258

106
323

107
206

108
311

109
312

110
319

112
310

113
179

114
320

115
321

116
332

119
297

122
287

124
271

125
324

126
292

128
230

129
276

130
333

131
334

132
335

133
283

134
246

135
249

137
289

139
32

140
149

141
240

143
293

145
294

146
252

147
119

148
284

150
221

156
331

179
404

180
407

181
386

182
391

183
361

184
408

186
399

187
409

188
381

189
363

190
360

192
362

193
387

194
410

195
433

198
411

200
388

201
405

202
392

203
357

218
389

219
412

220
393

221
417

222
413

231
406

232
440

238
416

244
349

282
489

283
499

285
468

288
486

289
490

290
442

291
453

292
496

294
485

295
477

296
476

297
464

298
500

299
462

303
488

305
475

306
498

307
455

308
450

315
470

316
504

318
479

335
501

338
510

349
512

350
515

351
516

352
511

353
513

354
514

355
518

356
517

357
519

364
521

365
522

366
523

367
520

368
525

369
524

371
527

372
526

373
528

374
529

376
530

377
531

378
532

379
534

380
533

382
540

383
536

384
537

385
535

386
538

387
539

392
541

393
452

394
544

395
548

396
549

397
547

398
543

400
546

401
545